000011 101.00 326.00 56.00 6.83
000011 159.00 299.00 47.00 8.14
000011 193.00 221.00 23.00 16.63
000011 201.00 302.00 45.00 8.50
000011 204.00 193.00 12.00 31.87
000011 204.00 189.00 12.00 31.87
000011 208.00 294.00 43.00 8.89
000011 208.00 294.00 43.00 8.89
000011 226.00 277.00 38.00 10.06
000011 253.00 289.00 39.00 9.81
000011 253.00 289.00 39.00 9.81
000011 256.00 348.00 57.00 6.71
000011 259.00 280.00 36.00 10.62
000011 262.00 276.00 35.00 10.93
000011 268.00 265.00 33.00 11.59
000011 269.00 330.00 51.00 7.50
000011 271.00 264.00 31.00 12.34
000011 274.00 268.00 31.00 12.34
000011 278.00 320.00 48.00 7.97
000011 279.00 264.00 32.00 11.95
000011 280.00 341.00 55.00 6.95
000011 288.00 331.00 51.00 7.50
000011 288.00 340.00 54.00 7.08
000011 291.00 343.00 55.00 6.95
000011 294.00 311.00 45.00 8.50
000011 298.00 322.00 48.00 7.97
000011 298.00 338.00 53.00 7.22
000011 299.00 306.00 44.00 8.69
000011 300.00 265.00 33.00 11.59
000011 301.00 265.00 32.00 11.95
000011 305.00 260.00 31.00 12.34
000011 306.00 275.00 34.00 11.25
000011 308.00 353.00 58.00 6.59
000011 308.00 353.00 58.00 6.59
000011 309.00 265.00 31.00 12.34
000011 311.00 288.00 36.00 10.62
000011 311.00 343.00 54.00 7.08
000011 312.00 277.00 33.00 11.59
000011 314.00 318.00 47.00 8.14
000011 315.00 283.00 35.00 10.93
000011 316.00 347.00 56.00 6.83
000011 317.00 289.00 37.00 10.34
000011 317.00 326.00 49.00 7.80
000011 318.00 366.00 61.00 6.27
000011 318.00 321.00 48.00 7.97
000011 319.00 317.00 46.00 8.31
000011 319.00 317.00 46.00 8.31
000011 319.00 275.00 32.00 11.95
000011 320.00 261.00 31.00 12.34
000011 321.00 284.00 35.00 10.93
000011 321.00 352.00 57.00 6.71
000011 323.00 366.00 61.00 6.27
000011 324.00 274.00 32.00 11.95
000011 325.00 281.00 34.00 11.25
000011 325.00 282.00 35.00 10.93
000011 325.00 282.00 35.00 10.93
000011 326.00 313.00 44.00 8.69
000011 326.00 277.00 33.00 11.59
000011 330.00 279.00 33.00 11.59
000011 335.00 293.00 38.00 10.06
000011 335.00 358.00 59.00 6.48
000011 339.00 277.00 33.00 11.59
000011 340.00 350.00 57.00 6.71
000011 346.00 277.00 32.00 11.95
000011 349.00 364.00 61.00 6.27
000011 349.00 274.00 32.00 11.95
000011 354.00 260.00 28.00 13.66
000011 357.00 361.00 60.00 6.37
000011 364.00 260.00 30.00 12.75
000011 372.00 260.00 28.00 13.66
000011 373.00 262.00 28.00 13.66
000011 377.00 255.00 28.00 13.66
000011 379.00 259.00 29.00 13.19
000011 380.00 364.00 60.00 6.37
000011 390.00 265.00 30.00 12.75
000011 393.00 269.00 31.00 12.34
000011 393.00 269.00 31.00 12.34
000011 397.00 276.00 33.00 11.59
000011 406.00 303.00 40.00 9.56
000011 412.00 295.00 39.00 9.81
000011 413.00 299.00 40.00 9.56
000011 414.00 307.00 42.00 9.11
000011 420.00 254.00 26.00 14.71
000011 421.00 188.00 8.00 47.81
000011 421.00 275.00 33.00 11.59
000011 423.00 252.00 26.00 14.71
000011 424.00 311.00 43.00 8.89
000011 425.00 366.00 61.00 6.27
000011 427.00 285.00 35.00 10.93
000011 427.00 259.00 27.00 14.16
000011 427.00 251.00 25.00 15.30
000011 427.00 258.00 25.00 15.30
000011 428.00 251.00 25.00 15.30
000011 430.00 288.00 36.00 10.62
000011 431.00 309.00 43.00 8.89
000011 435.00 267.00 29.00 13.19
000011 435.00 301.00 38.00 10.06
000011 436.00 263.00 29.00 13.19
000011 439.00 257.00 26.00 14.71
000011 443.00 365.00 60.00 6.37
000011 445.00 232.00 18.00 21.25
000011 445.00 257.00 26.00 14.71
000011 445.00 257.00 26.00 14.71
000011 446.00 250.00 24.00 15.94
000011 449.00 223.00 17.00 22.50
000011 456.00 244.00 23.00 16.63
000011 457.00 355.00 56.00 6.83
000011 460.00 255.00 25.00 15.30
000011 460.00 304.00 41.00 9.33
000011 461.00 289.00 37.00 10.34
000011 466.00 234.00 19.00 20.13
000011 479.00 221.00 16.00 23.90
000011 479.00 252.00 25.00 15.30
000011 479.00 210.00 13.00 29.42
000011 497.00 295.00 38.00 10.06
000011 499.00 208.00 12.00 31.87
000011 503.00 256.00 26.00 14.71
000011 505.00 220.00 14.00 27.32
000011 505.00 299.00 39.00 9.81
000011 508.00 210.00 13.00 29.42
000011 509.00 216.00 12.00 31.87
000011 512.00 209.00 13.00 29.42
000011 513.00 259.00 26.00 14.71
000011 526.00 255.00 26.00 14.71
000011 532.00 255.00 26.00 14.71
000011 532.00 255.00 26.00 14.71
000011 547.00 236.00 21.00 18.21
000011 556.00 235.00 20.00 19.12
000011 556.00 235.00 20.00 19.12
000011 571.00 220.00 14.00 27.32
000011 572.00 253.00 25.00 15.30
000011 572.00 253.00 25.00 15.30
000011 573.00 223.00 15.00 25.50
000011 589.00 228.00 17.00 22.50
000011 606.00 216.00 15.00 25.50
000011 621.00 222.00 15.00 25.50
000011 630.00 224.00 16.00 23.90
000011 750.00 245.00 24.00 15.94
000011 758.00 288.00 37.00 10.34
000011 759.00 280.00 34.00 11.25
000011 764.00 241.00 23.00 16.63
000011 764.00 241.00 23.00 16.63
000011 765.00 275.00 34.00 11.25
000011 775.00 242.00 23.00 16.63
000011 777.00 294.00 39.00 9.81
000011 785.00 242.00 24.00 15.94
000011 790.00 221.00 19.00 20.13
000011 794.00 215.00 16.00 23.90
000011 794.00 276.00 34.00 11.25
000011 794.00 288.00 37.00 10.34
000011 799.00 217.00 16.00 23.90
000011 801.00 223.00 18.00 21.25
000011 801.00 237.00 23.00 16.63
000011 801.00 276.00 34.00 11.25
000011 802.00 212.00 17.00 22.50
000011 812.00 228.00 20.00 19.12
000011 818.00 285.00 38.00 10.06
000011 820.00 231.00 21.00 18.21
000011 824.00 235.00 23.00 16.63
000011 831.00 284.00 37.00 10.34
000011 836.00 284.00 37.00 10.34
000011 841.00 281.00 37.00 10.34
000011 842.00 342.00 53.00 7.22
000011 847.00 237.00 22.00 17.38
000011 852.00 222.00 21.00 18.21
000011 860.00 362.00 61.00 6.27
000011 862.00 345.00 56.00 6.83
000011 867.00 260.00 31.00 12.34
000011 868.00 368.00 63.00 6.07
000011 869.00 330.00 52.00 7.35
000011 871.00 337.00 54.00 7.08
000011 872.00 237.00 25.00 15.30
000011 872.00 285.00 39.00 9.81
000011 875.00 240.00 25.00 15.30
000011 876.00 360.00 61.00 6.27
000011 879.00 233.00 23.00 16.63
000011 880.00 366.00 62.00 6.17
000011 881.00 328.00 51.00 7.50
000011 890.00 325.00 50.00 7.65
000011 895.00 335.00 54.00 7.08
000011 896.00 334.00 53.00 7.22
000011 896.00 254.00 30.00 12.75
000011 896.00 344.00 57.00 6.71
000011 896.00 342.00 57.00 6.71
000011 899.00 323.00 50.00 7.65
000011 900.00 236.00 26.00 14.71
000011 900.00 330.00 52.00 7.35
000011 907.00 244.00 27.00 14.16
000011 909.00 323.00 51.00 7.50
000011 911.00 239.00 27.00 14.16
000011 915.00 342.00 57.00 6.71
000011 915.00 342.00 57.00 6.71
000011 917.00 339.00 55.00 6.95
000011 918.00 336.00 55.00 6.95
000011 918.00 360.00 61.00 6.27
000011 918.00 240.00 28.00 13.66
000011 920.00 345.00 57.00 6.71
000011 921.00 341.00 57.00 6.71
000011 921.00 358.00 61.00 6.27
000011 923.00 316.00 49.00 7.80
000011 925.00 356.00 62.00 6.17
000011 925.00 343.00 57.00 6.71
000011 925.00 331.00 53.00 7.22
000011 927.00 370.00 65.00 5.88
000011 927.00 360.00 62.00 6.17
000011 927.00 323.00 51.00 7.50
000011 930.00 250.00 29.00 13.19
000011 932.00 358.00 61.00 6.27
000011 932.00 352.00 60.00 6.37
000011 934.00 340.00 56.00 6.83
000011 935.00 246.00 29.00 13.19
000011 938.00 250.00 30.00 12.75
000011 940.00 366.00 64.00 5.98
000011 940.00 366.00 64.00 5.98
000011 944.00 327.00 53.00 7.22
000011 945.00 349.00 59.00 6.48
000011 945.00 331.00 54.00 7.08
000011 946.00 340.00 57.00 6.71
000011 946.00 340.00 57.00 6.71
000011 951.00 356.00 61.00 6.27
000011 952.00 250.00 31.00 12.34
000011 953.00 341.00 57.00 6.71
000011 954.00 336.00 55.00 6.95
000011 954.00 356.00 61.00 6.27
000011 954.00 356.00 61.00 6.27
000011 955.00 365.00 64.00 5.98
000011 957.00 350.00 59.00 6.48
000011 958.00 363.00 64.00 5.98
000011 959.00 357.00 62.00 6.17
000011 959.00 357.00 62.00 6.17
000011 961.00 348.00 59.00 6.48
000011 961.00 344.00 58.00 6.59
000011 963.00 305.00 48.00 7.97
000011 963.00 253.00 32.00 11.95
000011 965.00 341.00 57.00 6.71
000011 967.00 369.00 66.00 5.79
000011 967.00 369.00 66.00 5.79
000011 968.00 344.00 58.00 6.59
000011 972.00 355.00 61.00 6.27
000011 972.00 340.00 57.00 6.71
000011 975.00 257.00 33.00 11.59
000011 980.00 263.00 34.00 11.25
000011 982.00 265.00 35.00 10.93
000011 983.00 344.00 59.00 6.48
000011 986.00 361.00 63.00 6.07
000011 986.00 361.00 63.00 6.07
000011 986.00 350.00 60.00 6.37
000011 994.00 276.00 39.00 9.81
000011 1001.00 369.00 66.00 5.79
000011 1004.00 315.00 51.00 7.50
000011 1008.00 348.00 61.00 6.27
000011 1009.00 361.00 64.00 5.98
000011 1009.00 357.00 63.00 6.07
000011 1055.00 274.00 40.00 9.56
000011 1060.00 312.00 51.00 7.50
000012 601.00 368.00 62.00 6.20
000012 625.00 229.00 17.00 22.61
000012 629.00 360.00 60.00 6.41
000012 632.00 227.00 18.00 21.35
000012 634.00 360.00 60.00 6.41
000012 635.00 230.00 17.00 22.61
000012 638.00 302.00 41.00 9.37
000012 640.00 337.00 53.00 7.25
000012 641.00 224.00 16.00 24.02
000012 644.00 253.00 25.00 15.37
000012 649.00 268.00 30.00 12.81
000012 650.00 238.00 21.00 18.30
000012 651.00 330.00 50.00 7.69
000012 653.00 268.00 31.00 12.40
000012 653.00 268.00 31.00 12.40
000012 658.00 268.00 31.00 12.40
000012 660.00 330.00 50.00 7.69
000012 663.00 283.00 35.00 10.98
000012 668.00 229.00 18.00 21.35
000012 672.00 270.00 31.00 12.40
000012 674.00 330.00 51.00 7.54
000012 674.00 225.00 16.00 24.02
000012 678.00 244.00 23.00 16.71
000012 681.00 231.00 19.00 20.23
000012 681.00 189.00 5.00 76.87
000012 687.00 225.00 17.00 22.61
000012 689.00 236.00 20.00 19.22
000012 691.00 230.00 18.00 21.35
000012 691.00 230.00 18.00 21.35
000012 692.00 252.00 25.00 15.37
000012 695.00 275.00 32.00 12.01
000012 695.00 260.00 28.00 13.73
000012 699.00 218.00 15.00 25.62
000012 701.00 269.00 31.00 12.40
000012 703.00 220.00 16.00 24.02
000012 703.00 275.00 33.00 11.65
000012 710.00 228.00 18.00 21.35
000012 710.00 218.00 16.00 24.02
000012 713.00 199.00 10.00 38.44
000012 713.00 324.00 48.00 8.01
000012 715.00 230.00 19.00 20.23
000012 717.00 199.00 9.00 42.71
000012 720.00 203.00 10.00 38.44
000012 721.00 241.00 23.00 16.71
000012 723.00 222.00 15.00 25.62
000012 725.00 245.00 24.00 16.02
000012 726.00 199.00 11.00 34.94
000012 726.00 347.00 56.00 6.86
000012 728.00 248.00 26.00 14.78
000012 732.00 219.00 15.00 25.62
000012 733.00 202.00 12.00 32.03
000012 735.00 287.00 39.00 9.86
000012 739.00 305.00 44.00 8.74
000012 739.00 220.00 16.00 24.02
000012 741.00 267.00 32.00 12.01
000012 742.00 262.00 31.00 12.40
000012 744.00 198.00 12.00 32.03
000012 747.00 227.00 18.00 21.35
000012 748.00 254.00 28.00 13.73
000012 752.00 221.00 16.00 24.02
000012 753.00 279.00 37.00 10.39
000012 757.00 262.00 30.00 12.81
000012 758.00 226.00 18.00 21.35
000012 759.00 285.00 39.00 9.86
000012 761.00 296.00 42.00 9.15
000012 764.00 222.00 18.00 21.35
000012 764.00 273.00 34.00 11.31
000012 764.00 273.00 34.00 11.31
000012 764.00 290.00 40.00 9.61
000012 766.00 301.00 43.00 8.94
000012 769.00 249.00 26.00 14.78
000012 769.00 300.00 44.00 8.74
000012 774.00 305.00 45.00 8.54
000012 774.00 221.00 19.00 20.23
000012 775.00 292.00 42.00 9.15
000012 777.00 289.00 41.00 9.37
000012 779.00 226.00 18.00 21.35
000012 780.00 316.00 48.00 8.01
000012 783.00 295.00 42.00 9.15
000012 784.00 264.00 31.00 12.40
000012 786.00 241.00 23.00 16.71
000012 787.00 237.00 21.00 18.30
000012 787.00 323.00 50.00 7.69
000012 792.00 239.00 22.00 17.47
000012 793.00 237.00 21.00 18.30
000012 796.00 320.00 50.00 7.69
000012 798.00 267.00 32.00 12.01
000012 800.00 226.00 21.00 18.30
000012 800.00 315.00 49.00 7.84
000012 801.00 303.00 44.00 8.74
000012 801.00 336.00 55.00 6.99
000012 802.00 295.00 42.00 9.15
000012 804.00 241.00 24.00 16.02
000012 804.00 296.00 42.00 9.15
000012 807.00 341.00 57.00 6.74
000012 809.00 269.00 34.00 11.31
000012 809.00 273.00 36.00 10.68
000012 810.00 236.00 24.00 16.02
000012 812.00 278.00 36.00 10.68
000012 814.00 326.00 54.00 7.12
000012 814.00 243.00 24.00 16.02
000012 817.00 346.00 59.00 6.51
000012 818.00 246.00 25.00 15.37
000012 822.00 354.00 61.00 6.30
000012 822.00 245.00 24.00 16.02
000012 825.00 236.00 23.00 16.71
000012 826.00 313.00 48.00 8.01
000012 828.00 365.00 66.00 5.82
000012 829.00 361.00 64.00 6.01
000012 831.00 291.00 41.00 9.37
000012 832.00 287.00 40.00 9.61
000012 833.00 364.00 65.00 5.91
000012 837.00 337.00 58.00 6.63
000012 839.00 319.00 50.00 7.69
000012 840.00 233.00 21.00 18.30
000012 843.00 235.00 24.00 16.02
000012 844.00 247.00 26.00 14.78
000012 845.00 264.00 32.00 12.01
000012 846.00 241.00 25.00 15.37
000012 852.00 237.00 25.00 15.37
000012 855.00 329.00 55.00 6.99
000012 856.00 242.00 26.00 14.78
000012 856.00 242.00 26.00 14.78
000012 859.00 332.00 56.00 6.86
000012 863.00 195.00 11.00 34.94
000012 864.00 291.00 40.00 9.61
000012 864.00 291.00 40.00 9.61
000012 864.00 291.00 40.00 9.61
000012 870.00 314.00 48.00 8.01
000012 870.00 298.00 43.00 8.94
000012 873.00 248.00 29.00 13.25
000012 873.00 257.00 29.00 13.25
000012 874.00 315.00 49.00 7.84
000012 877.00 308.00 47.00 8.18
000012 877.00 305.00 46.00 8.36
000012 878.00 358.00 64.00 6.01
000012 880.00 322.00 52.00 7.39
000012 882.00 286.00 39.00 9.86
000012 883.00 297.00 43.00 8.94
000012 887.00 356.00 63.00 6.10
000012 889.00 304.00 45.00 8.54
000012 889.00 331.00 56.00 6.86
000012 889.00 320.00 52.00 7.39
000012 891.00 270.00 34.00 11.31
000012 894.00 320.00 51.00 7.54
000012 897.00 336.00 57.00 6.74
000012 898.00 321.00 52.00 7.39
000012 906.00 311.00 47.00 8.18
000012 909.00 245.00 26.00 14.78
000012 909.00 312.00 48.00 8.01
000012 910.00 280.00 36.00 10.68
000012 910.00 344.00 59.00 6.51
000012 912.00 330.00 55.00 6.99
000012 913.00 295.00 42.00 9.15
000012 913.00 342.00 59.00 6.51
000012 916.00 336.00 57.00 6.74
000012 917.00 301.00 43.00 8.94
000012 918.00 292.00 41.00 9.37
000012 921.00 347.00 61.00 6.30
000012 922.00 247.00 27.00 14.24
000012 923.00 302.00 44.00 8.74
000012 923.00 242.00 27.00 14.24
000012 924.00 296.00 42.00 9.15
000012 927.00 355.00 63.00 6.10
000012 931.00 354.00 63.00 6.10
000012 939.00 357.00 65.00 5.91
000012 939.00 301.00 43.00 8.94
000012 939.00 296.00 42.00 9.15
000012 944.00 314.00 49.00 7.84
000012 944.00 314.00 49.00 7.84
000012 945.00 327.00 52.00 7.39
000012 945.00 327.00 52.00 7.39
000012 948.00 301.00 44.00 8.74
000012 951.00 297.00 42.00 9.15
000012 956.00 311.00 47.00 8.18
000012 957.00 344.00 59.00 6.51
000012 957.00 359.00 65.00 5.91
000012 959.00 356.00 64.00 6.01
000012 962.00 340.00 57.00 6.74
000012 963.00 320.00 50.00 7.69
000012 967.00 352.00 62.00 6.20
000012 968.00 332.00 55.00 6.99
000012 968.00 315.00 48.00 8.01
000012 968.00 305.00 45.00 8.54
000012 968.00 337.00 56.00 6.86
000012 971.00 354.00 63.00 6.10
000012 974.00 337.00 56.00 6.86
000012 974.00 360.00 65.00 5.91
000012 977.00 340.00 59.00 6.51
000012 978.00 346.00 60.00 6.41
000012 979.00 333.00 55.00 6.99
000012 979.00 333.00 55.00 6.99
000012 994.00 343.00 58.00 6.63
000012 998.00 228.00 22.00 17.47
000012 998.00 228.00 22.00 17.47
000012 1001.00 337.00 55.00 6.99
000012 1002.00 353.00 61.00 6.30
000012 1002.00 353.00 61.00 6.30
000012 1002.00 361.00 65.00 5.91
000012 1003.00 330.00 54.00 7.12
000012 1004.00 354.00 63.00 6.10
000012 1007.00 355.00 63.00 6.10
000012 1009.00 333.00 55.00 6.99
000012 1010.00 367.00 67.00 5.74
000012 1010.00 231.00 23.00 16.71
000012 1012.00 364.00 67.00 5.74
000012 1013.00 344.00 59.00 6.51
000012 1016.00 230.00 23.00 16.71
000012 1017.00 223.00 23.00 16.71
000012 1018.00 358.00 64.00 6.01
000012 1018.00 342.00 58.00 6.63
000012 1018.00 342.00 58.00 6.63
000012 1019.00 220.00 23.00 16.71
000012 1020.00 227.00 22.00 17.47
000012 1021.00 254.00 30.00 12.81
000012 1023.00 338.00 58.00 6.63
000012 1023.00 359.00 64.00 6.01
000012 1025.00 368.00 67.00 5.74
000012 1026.00 354.00 62.00 6.20
000012 1027.00 301.00 44.00 8.74
000012 1029.00 269.00 34.00 11.31
000012 1030.00 275.00 36.00 10.68
000012 1030.00 234.00 24.00 16.02
000012 1031.00 231.00 23.00 16.71
000012 1032.00 341.00 57.00 6.74
000012 1034.00 356.00 63.00 6.10
000012 1035.00 361.00 64.00 6.01
000012 1039.00 326.00 51.00 7.54
000012 1039.00 326.00 51.00 7.54
000012 1039.00 231.00 24.00 16.02
000012 1040.00 238.00 25.00 15.37
000012 1041.00 261.00 32.00 12.01
000012 1041.00 254.00 30.00 12.81
000012 1042.00 244.00 28.00 13.73
000012 1044.00 277.00 37.00 10.39
000012 1044.00 361.00 65.00 5.91
000012 1044.00 240.00 26.00 14.78
000012 1046.00 255.00 30.00 12.81
000012 1046.00 318.00 49.00 7.84
000012 1046.00 318.00 49.00 7.84
000012 1046.00 293.00 42.00 9.15
000012 1046.00 315.00 48.00 8.01
000012 1050.00 329.00 53.00 7.25
000012 1053.00 233.00 27.00 14.24
000012 1053.00 355.00 62.00 6.20
000012 1054.00 316.00 49.00 7.84
000012 1055.00 239.00 27.00 14.24
000012 1056.00 276.00 36.00 10.68
000012 1056.00 246.00 27.00 14.24
000012 1057.00 258.00 31.00 12.40
000012 1057.00 333.00 54.00 7.12
000012 1058.00 341.00 57.00 6.74
000012 1058.00 238.00 27.00 14.24
000012 1059.00 317.00 49.00 7.84
000012 1060.00 244.00 28.00 13.73
000012 1060.00 241.00 27.00 14.24
000012 1062.00 266.00 33.00 11.65
000012 1062.00 280.00 39.00 9.86
000012 1064.00 237.00 28.00 13.73
000012 1065.00 303.00 45.00 8.54
000012 1066.00 240.00 28.00 13.73
000012 1068.00 348.00 59.00 6.51
000012 1069.00 351.00 60.00 6.41
000012 1071.00 345.00 59.00 6.51
000012 1071.00 298.00 44.00 8.74
000012 1071.00 324.00 51.00 7.54
000012 1072.00 249.00 29.00 13.25
000012 1073.00 338.00 55.00 6.99
000012 1075.00 240.00 29.00 13.25
000012 1075.00 240.00 29.00 13.25
000012 1075.00 351.00 61.00 6.30
000012 1075.00 280.00 38.00 10.12
000012 1077.00 237.00 27.00 14.24
000012 1077.00 316.00 49.00 7.84
000012 1080.00 321.00 50.00 7.69
000012 1080.00 349.00 60.00 6.41
000012 1081.00 243.00 28.00 13.73
000012 1082.00 315.00 49.00 7.84
000012 1083.00 370.00 67.00 5.74
000012 1084.00 358.00 63.00 6.10
000012 1084.00 302.00 45.00 8.54
000012 1085.00 355.00 62.00 6.20
000012 1087.00 315.00 49.00 7.84
000012 1089.00 319.00 50.00 7.69
000012 1089.00 319.00 50.00 7.69
000012 1090.00 256.00 31.00 12.40
000012 1095.00 370.00 66.00 5.82
000012 1095.00 370.00 66.00 5.82
000012 1097.00 313.00 48.00 8.01
000012 1097.00 360.00 63.00 6.10
000012 1097.00 346.00 58.00 6.63
000012 1099.00 250.00 29.00 13.25
000012 1102.00 330.00 53.00 7.25
000012 1102.00 358.00 63.00 6.10
000012 1103.00 361.00 64.00 6.01
000012 1104.00 343.00 57.00 6.74
000012 1105.00 309.00 47.00 8.18
000012 1105.00 309.00 47.00 8.18
000012 1106.00 348.00 59.00 6.51
000012 1108.00 341.00 56.00 6.86
000012 1108.00 340.00 57.00 6.74
000012 1109.00 347.00 59.00 6.51
000012 1111.00 260.00 32.00 12.01
000012 1111.00 254.00 31.00 12.40
000012 1111.00 298.00 46.00 8.36
000012 1112.00 357.00 62.00 6.20
000012 1112.00 357.00 62.00 6.20
000012 1115.00 361.00 64.00 6.01
000012 1115.00 341.00 56.00 6.86
000012 1118.00 368.00 66.00 5.82
000012 1118.00 258.00 32.00 12.01
000012 1119.00 360.00 63.00 6.10
000012 1119.00 343.00 57.00 6.74
000012 1120.00 317.00 50.00 7.69
000012 1121.00 305.00 46.00 8.36
000012 1121.00 326.00 52.00 7.39
000012 1121.00 326.00 52.00 7.39
000012 1122.00 328.00 53.00 7.25
000012 1122.00 300.00 45.00 8.54
000012 1125.00 350.00 59.00 6.51
000012 1125.00 347.00 59.00 6.51
000012 1125.00 353.00 59.00 6.51
000012 1125.00 353.00 59.00 6.51
000012 1126.00 359.00 63.00 6.10
000012 1127.00 356.00 61.00 6.30
000012 1130.00 315.00 49.00 7.84
000012 1130.00 359.00 63.00 6.10
000012 1131.00 311.00 47.00 8.18
000012 1131.00 334.00 54.00 7.12
000012 1132.00 350.00 59.00 6.51
000012 1132.00 343.00 57.00 6.74
000012 1135.00 254.00 33.00 11.65
000012 1136.00 308.00 47.00 8.18
000012 1137.00 364.00 63.00 6.10
000012 1138.00 264.00 34.00 11.31
000012 1139.00 344.00 58.00 6.63
000012 1140.00 304.00 46.00 8.36
000012 1140.00 347.00 59.00 6.51
000012 1140.00 347.00 59.00 6.51
000012 1145.00 332.00 54.00 7.12
000012 1146.00 336.00 55.00 6.99
000012 1147.00 364.00 64.00 6.01
000012 1148.00 339.00 56.00 6.86
000012 1150.00 347.00 59.00 6.51
000012 1153.00 322.00 52.00 7.39
000012 1154.00 315.00 49.00 7.84
000012 1154.00 366.00 64.00 6.01
000012 1155.00 334.00 55.00 6.99
000012 1159.00 345.00 58.00 6.63
000012 1160.00 311.00 49.00 7.84
000012 1161.00 349.00 58.00 6.63
000012 1161.00 256.00 33.00 11.65
000012 1162.00 329.00 54.00 7.12
000012 1162.00 355.00 61.00 6.30
000012 1164.00 364.00 63.00 6.10
000012 1164.00 370.00 65.00 5.91
000012 1164.00 257.00 32.00 12.01
000012 1165.00 342.00 57.00 6.74
000012 1165.00 342.00 57.00 6.74
000012 1165.00 305.00 47.00 8.18
000012 1168.00 357.00 63.00 6.10
000012 1170.00 354.00 61.00 6.30
000012 1170.00 273.00 36.00 10.68
000012 1171.00 281.00 38.00 10.12
000012 1173.00 339.00 57.00 6.74
000012 1173.00 364.00 64.00 6.01
000012 1174.00 368.00 65.00 5.91
000012 1177.00 334.00 55.00 6.99
000012 1181.00 262.00 34.00 11.31
000012 1182.00 294.00 43.00 8.94
000012 1184.00 283.00 39.00 9.86
000012 1188.00 273.00 37.00 10.39
000012 1189.00 280.00 39.00 9.86
000012 1189.00 266.00 36.00 10.68
000012 1191.00 368.00 65.00 5.91
000012 1192.00 363.00 64.00 6.01
000012 1194.00 337.00 57.00 6.74
000012 1195.00 342.00 58.00 6.63
000012 1196.00 303.00 46.00 8.36
000012 1197.00 322.00 52.00 7.39
000012 1200.00 360.00 63.00 6.10
000012 1208.00 347.00 59.00 6.51
000012 1210.00 339.00 57.00 6.74
000012 1212.00 270.00 37.00 10.39
000012 1215.00 360.00 64.00 6.01
000012 1215.00 360.00 64.00 6.01
000012 1217.00 327.00 54.00 7.12
000012 1222.00 347.00 60.00 6.41
000012 1224.00 336.00 57.00 6.74
000012 1225.00 362.00 65.00 5.91
000012 1226.00 277.00 40.00 9.61
000012 1231.00 311.00 48.00 8.01
000012 1232.00 340.00 58.00 6.63
000012 1233.00 355.00 62.00 6.20
000012 1236.00 347.00 60.00 6.41
000012 1236.00 347.00 60.00 6.41
000012 1237.00 367.00 66.00 5.82
000012 1237.00 351.00 61.00 6.30
000013 267.00 266.00 45.00 8.42
000013 273.00 268.00 45.00 8.42
000013 278.00 275.00 46.00 8.23
000013 282.00 283.00 46.00 8.23
000013 289.00 216.00 37.00 10.24
000013 296.00 277.00 46.00 8.23
000013 301.00 236.00 39.00 9.71
000013 301.00 287.00 47.00 8.06
000013 303.00 326.00 53.00 7.15
000013 313.00 320.00 52.00 7.28
000013 313.00 289.00 47.00 8.06
000013 314.00 305.00 48.00 7.89
000013 315.00 277.00 45.00 8.42
000013 319.00 307.00 49.00 7.73
000013 321.00 310.00 49.00 7.73
000013 340.00 244.00 41.00 9.24
000013 342.00 301.00 47.00 8.06
000013 343.00 326.00 53.00 7.15
000013 345.00 314.00 50.00 7.58
000013 346.00 309.00 49.00 7.73
000013 350.00 216.00 37.00 10.24
000013 357.00 316.00 51.00 7.43
000013 358.00 305.00 48.00 7.89
000013 359.00 254.00 42.00 9.02
000013 360.00 265.00 42.00 9.02
000013 361.00 258.00 43.00 8.81
000013 361.00 304.00 48.00 7.89
000013 368.00 296.00 46.00 8.23
000013 369.00 276.00 43.00 8.81
000013 370.00 324.00 53.00 7.15
000013 370.00 272.00 43.00 8.81
000013 373.00 268.00 42.00 9.02
000013 374.00 277.00 43.00 8.81
000013 376.00 297.00 46.00 8.23
000013 381.00 271.00 43.00 8.81
000013 384.00 259.00 43.00 8.81
000013 391.00 270.00 45.00 8.42
000013 393.00 300.00 46.00 8.23
000013 395.00 323.00 52.00 7.28
000013 401.00 277.00 44.00 8.61
000013 413.00 213.00 36.00 10.52
000013 419.00 251.00 39.00 9.71
000013 424.00 260.00 39.00 9.71
000013 428.00 255.00 39.00 9.71
000013 428.00 255.00 39.00 9.71
000013 433.00 185.00 31.00 12.22
000013 435.00 226.00 35.00 10.82
000013 436.00 188.00 31.00 12.22
000013 451.00 219.00 36.00 10.52
000013 455.00 315.00 50.00 7.58
000013 455.00 209.00 32.00 11.84
000013 455.00 209.00 32.00 11.84
000013 463.00 225.00 35.00 10.82
000013 464.00 230.00 37.00 10.24
000013 467.00 294.00 45.00 8.42
000013 472.00 226.00 35.00 10.82
000013 472.00 226.00 35.00 10.82
000013 484.00 313.00 50.00 7.58
000013 492.00 311.00 49.00 7.73
000013 500.00 309.00 48.00 7.89
000013 510.00 306.00 48.00 7.89
000013 523.00 305.00 47.00 8.06
000013 530.00 302.00 47.00 8.06
000013 530.00 294.00 45.00 8.42
000013 539.00 302.00 47.00 8.06
000013 541.00 283.00 41.00 9.24
000013 560.00 300.00 46.00 8.23
000013 578.00 297.00 45.00 8.42
000013 578.00 282.00 41.00 9.24
000013 578.00 282.00 41.00 9.24
000013 586.00 59.00 8.00 47.35
000013 586.00 59.00 8.00 47.35
000013 586.00 59.00 8.00 47.35
000013 590.00 290.00 42.00 9.02
000013 590.00 290.00 42.00 9.02
000013 597.00 295.00 44.00 8.61
000013 602.00 278.00 40.00 9.47
000013 602.00 285.00 42.00 9.02
000013 610.00 289.00 43.00 8.81
000013 621.00 298.00 45.00 8.42
000013 621.00 298.00 45.00 8.42
000013 636.00 282.00 41.00 9.24
000013 636.00 288.00 42.00 9.02
000013 643.00 280.00 41.00 9.24
000013 647.00 304.00 46.00 8.23
000013 647.00 278.00 41.00 9.24
000013 647.00 278.00 41.00 9.24
000013 647.00 294.00 44.00 8.61
000013 653.00 274.00 41.00 9.24
000013 653.00 280.00 41.00 9.24
000013 656.00 69.00 7.00 54.11
000013 658.00 66.00 7.00 54.11
000013 661.00 68.00 7.00 54.11
000013 662.00 62.00 7.00 54.11
000013 664.00 59.00 7.00 54.11
000013 667.00 50.00 7.00 54.11
000013 667.00 67.00 7.00 54.11
000013 668.00 297.00 44.00 8.61
000013 670.00 54.00 7.00 54.11
000013 670.00 50.00 7.00 54.11
000013 672.00 71.00 7.00 54.11
000013 673.00 68.00 7.00 54.11
000013 674.00 50.00 7.00 54.11
000013 677.00 293.00 44.00 8.61
000013 679.00 53.00 7.00 54.11
000013 683.00 61.00 8.00 47.35
000013 690.00 64.00 7.00 54.11
000013 690.00 48.00 7.00 54.11
000013 692.00 55.00 7.00 54.11
000013 694.00 291.00 43.00 8.81
000013 696.00 304.00 46.00 8.23
000013 698.00 52.00 7.00 54.11
000013 701.00 71.00 7.00 54.11
000013 706.00 60.00 7.00 54.11
000013 708.00 285.00 43.00 8.81
000013 710.00 66.00 7.00 54.11
000013 713.00 59.00 7.00 54.11
000013 713.00 284.00 43.00 8.81
000013 715.00 286.00 42.00 9.02
000013 717.00 64.00 7.00 54.11
000013 717.00 297.00 44.00 8.61
000013 718.00 68.00 7.00 54.11
000013 719.00 351.00 51.00 7.43
000013 722.00 64.00 7.00 54.11
000013 722.00 280.00 43.00 8.81
000013 725.00 73.00 7.00 54.11
000013 728.00 286.00 42.00 9.02
000013 736.00 291.00 44.00 8.61
000013 738.00 287.00 43.00 8.81
000013 738.00 287.00 43.00 8.81
000013 764.00 270.00 39.00 9.71
000013 779.00 281.00 42.00 9.02
000013 780.00 344.00 52.00 7.28
000013 783.00 266.00 38.00 9.97
000013 789.00 280.00 40.00 9.47
000013 799.00 272.00 38.00 9.97
000013 799.00 272.00 38.00 9.97
000013 800.00 279.00 39.00 9.71
000013 808.00 252.00 37.00 10.24
000013 809.00 270.00 38.00 9.97
000013 811.00 259.00 37.00 10.24
000013 812.00 77.00 8.00 47.35
000013 817.00 264.00 37.00 10.24
000013 819.00 276.00 40.00 9.47
000013 832.00 72.00 9.00 42.09
000013 844.00 269.00 39.00 9.71
000013 850.00 263.00 39.00 9.71
000013 859.00 266.00 39.00 9.71
000013 859.00 266.00 39.00 9.71
000013 902.00 72.00 9.00 42.09
000013 919.00 67.00 8.00 47.35
000013 932.00 64.00 9.00 42.09
000013 953.00 92.00 12.00 31.57
000013 965.00 93.00 12.00 31.57
000013 965.00 136.00 17.00 22.28
000013 972.00 89.00 12.00 31.57
000013 978.00 92.00 12.00 31.57
000013 984.00 136.00 18.00 21.04
000013 1000.00 135.00 18.00 21.04
000013 1007.00 135.00 18.00 21.04
000013 1015.00 138.00 17.00 22.28
000013 1046.00 283.00 43.00 8.81
000013 1067.00 282.00 42.00 9.02
000013 1073.00 132.00 17.00 22.28
000013 1078.00 280.00 43.00 8.81
000013 1106.00 289.00 44.00 8.61
000013 1151.00 298.00 47.00 8.06
000014 24.00 79.00 17.00 22.28
000014 24.00 79.00 17.00 22.28
000014 24.00 73.00 17.00 22.28
000014 24.00 85.00 17.00 22.28
000014 24.00 46.00 18.00 21.04
000014 25.00 69.00 17.00 22.28
000014 28.00 124.00 18.00 21.04
000014 28.00 124.00 18.00 21.04
000014 29.00 120.00 18.00 21.04
000014 30.00 68.00 17.00 22.28
000014 31.00 98.00 18.00 21.04
000014 31.00 78.00 17.00 22.28
000014 31.00 81.00 18.00 21.04
000014 32.00 117.00 18.00 21.04
000014 32.00 92.00 17.00 22.28
000014 34.00 65.00 18.00 21.04
000014 36.00 80.00 17.00 22.28
000014 36.00 115.00 19.00 19.94
000014 37.00 71.00 17.00 22.28
000014 38.00 98.00 18.00 21.04
000014 42.00 110.00 17.00 22.28
000014 42.00 110.00 17.00 22.28
000014 42.00 78.00 17.00 22.28
000014 42.00 78.00 17.00 22.28
000014 43.00 75.00 18.00 21.04
000014 46.00 67.00 17.00 22.28
000014 47.00 116.00 18.00 21.04
000014 48.00 113.00 18.00 21.04
000014 49.00 59.00 18.00 21.04
000014 50.00 109.00 17.00 22.28
000014 50.00 94.00 17.00 22.28
000014 50.00 104.00 18.00 21.04
000014 50.00 104.00 18.00 21.04
000014 53.00 123.00 18.00 21.04
000014 54.00 29.00 18.00 21.04
000014 54.00 107.00 18.00 21.04
000014 54.00 82.00 18.00 21.04
000014 56.00 104.00 18.00 21.04
000014 57.00 63.00 18.00 21.04
000014 57.00 63.00 18.00 21.04
000014 57.00 92.00 18.00 21.04
000014 61.00 126.00 18.00 21.04
000014 64.00 123.00 18.00 21.04
000014 64.00 80.00 19.00 19.94
000014 65.00 129.00 18.00 21.04
000014 67.00 86.00 18.00 21.04
000014 67.00 90.00 18.00 21.04
000014 68.00 134.00 18.00 21.04
000014 68.00 134.00 18.00 21.04
000014 70.00 126.00 18.00 21.04
000014 70.00 126.00 18.00 21.04
000014 73.00 89.00 18.00 21.04
000014 73.00 89.00 18.00 21.04
000014 75.00 132.00 19.00 19.94
000014 76.00 96.00 19.00 19.94
000014 121.00 245.00 22.00 17.22
000014 123.00 236.00 19.00 19.94
000014 127.00 27.00 21.00 18.04
000014 139.00 236.00 20.00 18.94
000014 143.00 240.00 21.00 18.04
000014 150.00 239.00 21.00 18.04
000014 152.00 244.00 21.00 18.04
000014 180.00 244.00 23.00 16.47
000014 182.00 96.00 22.00 17.22
000014 184.00 91.00 22.00 17.22
000014 186.00 88.00 22.00 17.22
000014 192.00 234.00 19.00 19.94
000014 194.00 96.00 22.00 17.22
000014 198.00 240.00 22.00 17.22
000014 198.00 110.00 22.00 17.22
000014 199.00 94.00 23.00 16.47
000014 200.00 242.00 22.00 17.22
000014 202.00 92.00 22.00 17.22
000014 203.00 112.00 22.00 17.22
000014 206.00 101.00 22.00 17.22
000014 210.00 62.00 21.00 18.04
000014 210.00 62.00 21.00 18.04
000014 212.00 113.00 22.00 17.22
000014 215.00 243.00 22.00 17.22
000014 215.00 96.00 21.00 18.04
000014 217.00 114.00 22.00 17.22
000014 217.00 154.00 22.00 17.22
000014 217.00 161.00 22.00 17.22
000014 218.00 72.00 20.00 18.94
000014 218.00 128.00 22.00 17.22
000014 218.00 128.00 22.00 17.22
000014 219.00 79.00 22.00 17.22
000014 219.00 125.00 22.00 17.22
000014 219.00 76.00 21.00 18.04
000014 220.00 109.00 22.00 17.22
000014 220.00 98.00 22.00 17.22
000014 221.00 91.00 21.00 18.04
000014 221.00 108.00 22.00 17.22
000014 223.00 80.00 21.00 18.04
000014 223.00 158.00 22.00 17.22
000014 224.00 96.00 23.00 16.47
000014 225.00 84.00 21.00 18.04
000014 225.00 132.00 22.00 17.22
000014 226.00 39.00 21.00 18.04
000014 227.00 102.00 22.00 17.22
000014 227.00 140.00 20.00 18.94
000014 229.00 43.00 21.00 18.04
000014 229.00 46.00 22.00 17.22
000014 229.00 46.00 22.00 17.22
000014 230.00 25.00 23.00 16.47
000014 231.00 130.00 23.00 16.47
000014 231.00 165.00 22.00 17.22
000014 231.00 98.00 22.00 17.22
000014 233.00 115.00 22.00 17.22
000014 233.00 115.00 22.00 17.22
000014 233.00 144.00 22.00 17.22
000014 233.00 144.00 22.00 17.22
000014 233.00 144.00 22.00 17.22
000014 233.00 111.00 22.00 17.22
000014 234.00 239.00 21.00 18.04
000014 235.00 75.00 21.00 18.04
000014 235.00 96.00 22.00 17.22
000014 237.00 166.00 20.00 18.94
000014 237.00 115.00 22.00 17.22
000014 238.00 159.00 22.00 17.22
000014 238.00 86.00 21.00 18.04
000014 238.00 179.00 21.00 18.04
000014 238.00 179.00 21.00 18.04
000014 238.00 104.00 22.00 17.22
000014 239.00 128.00 22.00 17.22
000014 240.00 47.00 22.00 17.22
000014 240.00 47.00 22.00 17.22
000014 240.00 182.00 20.00 18.94
000014 241.00 35.00 21.00 18.04
000014 242.00 129.00 21.00 18.04
000014 242.00 134.00 22.00 17.22
000014 243.00 158.00 22.00 17.22
000014 243.00 7.00 23.00 16.47
000014 243.00 96.00 22.00 17.22
000014 243.00 91.00 22.00 17.22
000014 244.00 138.00 23.00 16.47
000014 245.00 160.00 22.00 17.22
000014 245.00 88.00 22.00 17.22
000014 245.00 18.00 23.00 16.47
000014 246.00 99.00 23.00 16.47
000014 247.00 146.00 22.00 17.22
000014 248.00 61.00 24.00 15.78
000014 248.00 22.00 23.00 16.47
000014 248.00 129.00 22.00 17.22
000014 250.00 10.00 24.00 15.78
000014 250.00 149.00 22.00 17.22
000014 250.00 188.00 21.00 18.04
000014 251.00 132.00 22.00 17.22
000014 252.00 124.00 23.00 16.47
000014 252.00 36.00 23.00 16.47
000014 253.00 98.00 22.00 17.22
000014 253.00 53.00 24.00 15.78
000014 253.00 44.00 24.00 15.78
000014 254.00 171.00 21.00 18.04
000014 256.00 101.00 22.00 17.22
000014 257.00 25.00 22.00 17.22
000014 258.00 91.00 23.00 16.47
000014 260.00 158.00 21.00 18.04
000014 260.00 195.00 21.00 18.04
000014 260.00 178.00 20.00 18.94
000014 260.00 172.00 22.00 17.22
000014 260.00 87.00 23.00 16.47
000014 260.00 200.00 21.00 18.04
000014 261.00 36.00 23.00 16.47
000014 261.00 11.00 24.00 15.78
000014 261.00 3.00 23.00 16.47
000014 262.00 135.00 22.00 17.22
000014 263.00 163.00 21.00 18.04
000014 264.00 191.00 21.00 18.04
000014 264.00 167.00 22.00 17.22
000014 264.00 15.00 23.00 16.47
000014 265.00 30.00 23.00 16.47
000014 266.00 18.00 22.00 17.22
000014 266.00 18.00 22.00 17.22
000014 266.00 114.00 21.00 18.04
000014 267.00 162.00 21.00 18.04
000014 267.00 70.00 22.00 17.22
000014 267.00 194.00 21.00 18.04
000014 268.00 23.00 22.00 17.22
000014 268.00 88.00 22.00 17.22
000014 269.00 129.00 23.00 16.47
000014 269.00 36.00 23.00 16.47
000014 270.00 57.00 23.00 16.47
000014 270.00 26.00 23.00 16.47
000014 270.00 44.00 23.00 16.47
000014 270.00 44.00 23.00 16.47
000014 270.00 20.00 22.00 17.22
000014 270.00 20.00 22.00 17.22
000014 270.00 7.00 23.00 16.47
000014 271.00 147.00 22.00 17.22
000014 272.00 123.00 23.00 16.47
000014 272.00 123.00 23.00 16.47
000014 272.00 94.00 22.00 17.22
000014 272.00 121.00 23.00 16.47
000014 273.00 39.00 24.00 15.78
000014 273.00 51.00 23.00 16.47
000014 273.00 232.00 21.00 18.04
000014 273.00 90.00 23.00 16.47
000014 274.00 126.00 22.00 17.22
000014 275.00 8.00 23.00 16.47
000014 275.00 8.00 23.00 16.47
000014 275.00 166.00 21.00 18.04
000014 276.00 159.00 21.00 18.04
000014 276.00 14.00 21.00 18.04
000014 276.00 134.00 23.00 16.47
000014 276.00 93.00 22.00 17.22
000014 277.00 178.00 22.00 17.22
000014 277.00 178.00 22.00 17.22
000014 277.00 86.00 22.00 17.22
000014 277.00 111.00 22.00 17.22
000014 278.00 71.00 21.00 18.04
000014 278.00 5.00 23.00 16.47
000014 278.00 181.00 21.00 18.04
000014 278.00 41.00 22.00 17.22
000014 279.00 171.00 22.00 17.22
000014 279.00 189.00 21.00 18.04
000014 279.00 79.00 21.00 18.04
000014 280.00 52.00 23.00 16.47
000014 280.00 121.00 22.00 17.22
000014 281.00 28.00 23.00 16.47
000014 281.00 90.00 22.00 17.22
000014 281.00 221.00 20.00 18.94
000014 282.00 105.00 22.00 17.22
000014 283.00 35.00 23.00 16.47
000014 285.00 22.00 23.00 16.47
000014 286.00 17.00 22.00 17.22
000014 286.00 154.00 23.00 16.47
000014 287.00 12.00 24.00 15.78
000014 287.00 95.00 23.00 16.47
000014 288.00 150.00 22.00 17.22
000014 288.00 146.00 21.00 18.04
000014 289.00 53.00 23.00 16.47
000014 289.00 144.00 22.00 17.22
000014 289.00 6.00 23.00 16.47
000014 289.00 215.00 20.00 18.94
000014 289.00 86.00 23.00 16.47
000014 290.00 26.00 22.00 17.22
000014 290.00 60.00 23.00 16.47
000014 290.00 79.00 24.00 15.78
000014 291.00 132.00 22.00 17.22
000014 291.00 196.00 22.00 17.22
000014 292.00 165.00 22.00 17.22
000014 293.00 158.00 23.00 16.47
000014 293.00 125.00 22.00 17.22
000014 294.00 197.00 22.00 17.22
000014 294.00 178.00 22.00 17.22
000014 294.00 213.00 20.00 18.94
000014 295.00 226.00 20.00 18.94
000014 295.00 99.00 21.00 18.04
000014 296.00 190.00 22.00 17.22
000014 296.00 86.00 23.00 16.47
000014 296.00 67.00 23.00 16.47
000014 296.00 123.00 22.00 17.22
000014 297.00 114.00 22.00 17.22
000014 298.00 119.00 22.00 17.22
000014 299.00 74.00 23.00 16.47
000014 300.00 102.00 21.00 18.04
000014 301.00 68.00 23.00 16.47
000014 301.00 109.00 22.00 17.22
000014 302.00 61.00 23.00 16.47
000014 302.00 127.00 22.00 17.22
000014 303.00 139.00 23.00 16.47
000014 303.00 121.00 22.00 17.22
000014 305.00 169.00 22.00 17.22
000014 305.00 169.00 22.00 17.22
000014 305.00 175.00 22.00 17.22
000014 305.00 200.00 21.00 18.04
000014 306.00 88.00 22.00 17.22
000014 307.00 55.00 22.00 17.22
000014 307.00 235.00 21.00 18.04
000014 308.00 83.00 21.00 18.04
000014 308.00 83.00 21.00 18.04
000014 308.00 146.00 23.00 16.47
000014 308.00 67.00 23.00 16.47
000014 309.00 116.00 21.00 18.04
000014 309.00 95.00 21.00 18.04
000014 309.00 95.00 21.00 18.04
000014 309.00 134.00 21.00 18.04
000014 310.00 142.00 21.00 18.04
000014 310.00 214.00 22.00 17.22
000014 310.00 89.00 21.00 18.04
000014 310.00 122.00 22.00 17.22
000014 311.00 139.00 21.00 18.04
000014 311.00 182.00 22.00 17.22
000014 311.00 164.00 22.00 17.22
000014 312.00 101.00 21.00 18.04
000014 312.00 82.00 21.00 18.04
000014 312.00 86.00 20.00 18.94
000014 313.00 31.00 22.00 17.22
000014 313.00 46.00 23.00 16.47
000014 313.00 118.00 21.00 18.04
000014 313.00 175.00 22.00 17.22
000014 313.00 156.00 22.00 17.22
000014 314.00 78.00 21.00 18.04
000014 315.00 127.00 22.00 17.22
000014 315.00 127.00 22.00 17.22
000014 315.00 93.00 20.00 18.94
000014 316.00 17.00 22.00 17.22
000014 317.00 155.00 22.00 17.22
000014 318.00 132.00 22.00 17.22
000014 318.00 170.00 22.00 17.22
000014 318.00 51.00 22.00 17.22
000014 319.00 87.00 21.00 18.04
000014 320.00 137.00 21.00 18.04
000014 321.00 183.00 22.00 17.22
000014 321.00 84.00 20.00 18.94
000014 322.00 204.00 21.00 18.04
000014 322.00 211.00 21.00 18.04
000014 322.00 167.00 21.00 18.04
000014 324.00 188.00 21.00 18.04
000014 324.00 126.00 22.00 17.22
000014 324.00 13.00 23.00 16.47
000014 325.00 9.00 23.00 16.47
000014 325.00 156.00 23.00 16.47
000014 325.00 156.00 23.00 16.47
000014 325.00 156.00 23.00 16.47
000014 326.00 5.00 22.00 17.22
000014 326.00 31.00 22.00 17.22
000014 327.00 116.00 20.00 18.94
000014 329.00 10.00 24.00 15.78
000014 329.00 169.00 20.00 18.94
000014 331.00 28.00 21.00 18.04
000014 332.00 141.00 21.00 18.04
000014 332.00 141.00 21.00 18.04
000014 333.00 107.00 20.00 18.94
000014 333.00 108.00 21.00 18.04
000014 334.00 214.00 20.00 18.94
000014 334.00 125.00 21.00 18.04
000014 334.00 125.00 21.00 18.04
000014 335.00 205.00 20.00 18.94
000014 335.00 77.00 21.00 18.04
000014 335.00 199.00 21.00 18.04
000014 336.00 189.00 21.00 18.04
000014 337.00 131.00 21.00 18.04
000014 337.00 166.00 21.00 18.04
000014 338.00 109.00 20.00 18.94
000014 338.00 6.00 23.00 16.47
000014 339.00 159.00 21.00 18.04
000014 339.00 10.00 23.00 16.47
000014 339.00 193.00 21.00 18.04
000014 341.00 163.00 21.00 18.04
000014 341.00 18.00 23.00 16.47
000014 341.00 232.00 20.00 18.94
000014 342.00 204.00 20.00 18.94
000014 343.00 127.00 21.00 18.04
000014 343.00 227.00 19.00 19.94
000014 343.00 184.00 21.00 18.04
000014 343.00 112.00 20.00 18.94
000014 343.00 172.00 20.00 18.94
000014 344.00 165.00 21.00 18.04
000014 344.00 196.00 20.00 18.94
000014 344.00 207.00 21.00 18.04
000014 344.00 11.00 23.00 16.47
000014 345.00 73.00 21.00 18.04
000014 345.00 28.00 22.00 17.22
000014 345.00 38.00 23.00 16.47
000014 345.00 38.00 23.00 16.47
000014 346.00 119.00 20.00 18.94
000014 346.00 161.00 21.00 18.04
000014 346.00 161.00 21.00 18.04
000014 346.00 17.00 23.00 16.47
000014 346.00 156.00 20.00 18.94
000014 348.00 167.00 20.00 18.94
000014 348.00 167.00 20.00 18.94
000014 348.00 223.00 19.00 19.94
000014 348.00 208.00 21.00 18.04
000014 348.00 13.00 23.00 16.47
000014 348.00 187.00 20.00 18.94
000014 349.00 232.00 20.00 18.94
000014 349.00 197.00 20.00 18.94
000014 349.00 71.00 20.00 18.94
000014 349.00 71.00 20.00 18.94
000014 349.00 193.00 21.00 18.04
000014 349.00 165.00 21.00 18.04
000014 349.00 184.00 21.00 18.04
000014 350.00 156.00 20.00 18.94
000014 350.00 37.00 23.00 16.47
000014 351.00 123.00 21.00 18.04
000014 352.00 204.00 21.00 18.04
000014 352.00 139.00 21.00 18.04
000014 352.00 171.00 21.00 18.04
000014 352.00 18.00 23.00 16.47
000014 353.00 196.00 20.00 18.94
000014 353.00 80.00 21.00 18.04
000014 354.00 29.00 22.00 17.22
000014 354.00 107.00 20.00 18.94
000014 355.00 129.00 21.00 18.04
000014 355.00 143.00 21.00 18.04
000014 355.00 111.00 20.00 18.94
000014 355.00 11.00 22.00 17.22
000014 356.00 208.00 20.00 18.94
000014 356.00 174.00 20.00 18.94
000014 357.00 217.00 20.00 18.94
000014 357.00 21.00 22.00 17.22
000014 358.00 164.00 21.00 18.04
000014 358.00 193.00 20.00 18.94
000014 358.00 33.00 24.00 15.78
000014 358.00 150.00 20.00 18.94
000014 358.00 117.00 20.00 18.94
000014 359.00 135.00 20.00 18.94
000014 359.00 121.00 20.00 18.94
000014 361.00 47.00 21.00 18.04
000014 362.00 42.00 22.00 17.22
000014 363.00 2.00 22.00 17.22
000014 363.00 208.00 20.00 18.94
000014 364.00 135.00 21.00 18.04
000014 364.00 19.00 22.00 17.22
000014 364.00 192.00 20.00 18.94
000014 364.00 232.00 19.00 19.94
000014 364.00 25.00 23.00 16.47
000014 366.00 2.00 22.00 17.22
000014 367.00 197.00 20.00 18.94
000014 367.00 179.00 20.00 18.94
000014 367.00 32.00 22.00 17.22
000014 367.00 49.00 21.00 18.04
000014 368.00 162.00 20.00 18.94
000014 368.00 124.00 20.00 18.94
000014 368.00 124.00 20.00 18.94
000014 369.00 154.00 20.00 18.94
000014 369.00 134.00 21.00 18.04
000014 369.00 120.00 20.00 18.94
000014 370.00 149.00 19.00 19.94
000014 370.00 193.00 19.00 19.94
000014 370.00 204.00 19.00 19.94
000014 370.00 190.00 20.00 18.94
000014 372.00 184.00 20.00 18.94
000014 372.00 126.00 20.00 18.94
000014 372.00 126.00 20.00 18.94
000014 373.00 194.00 19.00 19.94
000014 374.00 230.00 19.00 19.94
000014 375.00 159.00 20.00 18.94
000014 375.00 208.00 20.00 18.94
000014 375.00 56.00 20.00 18.94
000014 375.00 56.00 20.00 18.94
000014 376.00 49.00 21.00 18.04
000014 376.00 120.00 20.00 18.94
000014 376.00 189.00 20.00 18.94
000014 377.00 132.00 21.00 18.04
000014 377.00 138.00 21.00 18.04
000014 378.00 218.00 19.00 19.94
000014 379.00 113.00 21.00 18.04
000014 379.00 19.00 22.00 17.22
000014 380.00 36.00 21.00 18.04
000014 380.00 137.00 21.00 18.04
000014 380.00 98.00 20.00 18.94
000014 381.00 155.00 19.00 19.94
000014 381.00 174.00 19.00 19.94
000014 381.00 166.00 19.00 19.94
000014 382.00 190.00 20.00 18.94
000014 382.00 204.00 19.00 19.94
000014 382.00 117.00 20.00 18.94
000014 383.00 207.00 20.00 18.94
000014 383.00 8.00 22.00 17.22
000014 383.00 197.00 19.00 19.94
000014 384.00 174.00 19.00 19.94
000014 384.00 132.00 21.00 18.04
000014 385.00 192.00 20.00 18.94
000014 385.00 54.00 21.00 18.04
000014 387.00 48.00 21.00 18.04
000014 388.00 201.00 19.00 19.94
000014 388.00 117.00 21.00 18.04
000014 389.00 51.00 21.00 18.04
000014 390.00 128.00 20.00 18.94
000014 390.00 216.00 19.00 19.94
000014 391.00 226.00 19.00 19.94
000014 391.00 6.00 22.00 17.22
000014 392.00 193.00 19.00 19.94
000014 392.00 193.00 19.00 19.94
000014 392.00 117.00 20.00 18.94
000014 393.00 229.00 19.00 19.94
000014 394.00 10.00 22.00 17.22
000014 394.00 141.00 19.00 19.94
000014 394.00 134.00 19.00 19.94
000014 394.00 164.00 18.00 21.04
000014 396.00 49.00 21.00 18.04
000014 396.00 210.00 19.00 19.94
000014 396.00 6.00 22.00 17.22
000014 397.00 187.00 19.00 19.94
000014 397.00 187.00 19.00 19.94
000014 398.00 206.00 19.00 19.94
000014 398.00 203.00 19.00 19.94
000014 399.00 118.00 19.00 19.94
000014 399.00 229.00 19.00 19.94
000014 400.00 53.00 21.00 18.04
000014 401.00 12.00 22.00 17.22
000014 401.00 7.00 22.00 17.22
000014 401.00 3.00 22.00 17.22
000014 402.00 214.00 19.00 19.94
000014 403.00 53.00 21.00 18.04
000014 405.00 4.00 21.00 18.04
000014 406.00 130.00 20.00 18.94
000014 406.00 130.00 20.00 18.94
000014 406.00 135.00 21.00 18.04
000014 408.00 127.00 19.00 19.94
000014 409.00 28.00 21.00 18.04
000014 411.00 26.00 21.00 18.04
000014 411.00 124.00 19.00 19.94
000014 411.00 219.00 18.00 21.04
000014 417.00 16.00 21.00 18.04
000014 418.00 221.00 17.00 22.28
000014 419.00 118.00 20.00 18.94
000014 420.00 6.00 22.00 17.22
000014 421.00 28.00 21.00 18.04
000014 421.00 38.00 22.00 17.22
000014 422.00 19.00 21.00 18.04
000014 425.00 23.00 22.00 17.22
000014 425.00 32.00 22.00 17.22
000014 426.00 35.00 22.00 17.22
000014 428.00 25.00 21.00 18.04
000014 429.00 220.00 16.00 23.67
000014 430.00 28.00 21.00 18.04
000014 431.00 22.00 21.00 18.04
000014 431.00 38.00 21.00 18.04
000014 432.00 3.00 21.00 18.04
000014 433.00 24.00 21.00 18.04
000014 436.00 9.00 20.00 18.94
000014 439.00 24.00 21.00 18.04
000014 440.00 4.00 21.00 18.04
000014 440.00 19.00 20.00 18.94
000014 440.00 44.00 21.00 18.04
000014 442.00 40.00 22.00 17.22
000014 444.00 212.00 17.00 22.28
000014 447.00 19.00 20.00 18.94
000014 449.00 11.00 20.00 18.94
000014 462.00 221.00 16.00 23.67
000014 466.00 14.00 20.00 18.94
000014 476.00 111.00 18.00 21.04
000014 477.00 101.00 17.00 22.28
000014 477.00 101.00 17.00 22.28
000014 477.00 101.00 17.00 22.28
000014 477.00 101.00 17.00 22.28
000014 477.00 101.00 17.00 22.28
000014 477.00 116.00 17.00 22.28
000014 477.00 120.00 17.00 22.28
000014 478.00 164.00 17.00 22.28
000014 478.00 164.00 17.00 22.28
000014 479.00 118.00 17.00 22.28
000014 481.00 180.00 17.00 22.28
000014 486.00 196.00 16.00 23.67
000014 491.00 203.00 15.00 25.25
000014 495.00 206.00 15.00 25.25
000014 497.00 203.00 14.00 27.06
000014 499.00 211.00 15.00 25.25
000014 503.00 206.00 13.00 29.14
000014 504.00 197.00 13.00 29.14
000014 506.00 211.00 13.00 29.14
000014 508.00 215.00 14.00 27.06
000014 539.00 187.00 13.00 29.14
000014 542.00 178.00 13.00 29.14
000014 543.00 184.00 12.00 31.57
000014 547.00 183.00 12.00 31.57
000014 547.00 199.00 12.00 31.57
000014 548.00 206.00 12.00 31.57
000014 549.00 209.00 12.00 31.57
000014 550.00 202.00 12.00 31.57
000014 558.00 198.00 11.00 34.44
000014 573.00 176.00 11.00 34.44
000014 597.00 199.00 9.00 42.09
000014 604.00 200.00 9.00 42.09
000014 655.00 151.00 8.00 47.35
000014 657.00 147.00 9.00 42.09
000014 661.00 111.00 8.00 47.35
000014 668.00 93.00 10.00 37.88
000014 668.00 93.00 10.00 37.88
000014 669.00 162.00 8.00 47.35
000014 681.00 88.00 8.00 47.35
000014 687.00 86.00 8.00 47.35
000014 690.00 82.00 8.00 47.35
000014 690.00 82.00 8.00 47.35
000014 695.00 84.00 8.00 47.35
000014 698.00 90.00 8.00 47.35
000015 100.00 122.00 36.00 10.68
000015 107.00 180.00 38.00 10.12
000015 110.00 195.00 37.00 10.39
000015 114.00 228.00 35.00 10.98
000015 116.00 245.00 35.00 10.98
000015 116.00 245.00 35.00 10.98
000015 117.00 81.00 36.00 10.68
000015 119.00 87.00 37.00 10.39
000015 119.00 28.00 37.00 10.39
000015 126.00 98.00 36.00 10.68
000015 134.00 231.00 37.00 10.39
000015 138.00 63.00 37.00 10.39
000015 139.00 68.00 38.00 10.12
000015 143.00 37.00 37.00 10.39
000015 143.00 37.00 37.00 10.39
000015 146.00 241.00 37.00 10.39
000015 147.00 51.00 36.00 10.68
000015 148.00 81.00 38.00 10.12
000015 149.00 245.00 36.00 10.68
000015 149.00 103.00 37.00 10.39
000015 150.00 47.00 37.00 10.39
000015 150.00 96.00 38.00 10.12
000015 151.00 100.00 37.00 10.39
000015 153.00 67.00 37.00 10.39
000015 154.00 54.00 37.00 10.39
000015 155.00 116.00 37.00 10.39
000015 158.00 57.00 37.00 10.39
000015 159.00 54.00 37.00 10.39
000015 161.00 241.00 35.00 10.98
000015 164.00 246.00 37.00 10.39
000015 165.00 62.00 37.00 10.39
000015 165.00 129.00 38.00 10.12
000015 166.00 195.00 38.00 10.12
000015 167.00 114.00 38.00 10.12
000015 167.00 76.00 38.00 10.12
000015 168.00 50.00 37.00 10.39
000015 171.00 62.00 37.00 10.39
000015 171.00 87.00 39.00 9.86
000015 171.00 139.00 38.00 10.12
000015 171.00 110.00 38.00 10.12
000015 172.00 103.00 39.00 9.86
000015 172.00 103.00 39.00 9.86
000015 172.00 195.00 38.00 10.12
000015 173.00 67.00 38.00 10.12
000015 174.00 125.00 38.00 10.12
000015 175.00 130.00 38.00 10.12
000015 176.00 72.00 37.00 10.39
000015 176.00 192.00 38.00 10.12
000015 178.00 67.00 37.00 10.39
000015 179.00 61.00 37.00 10.39
000015 181.00 41.00 37.00 10.39
000015 182.00 57.00 37.00 10.39
000015 182.00 110.00 37.00 10.39
000015 186.00 56.00 37.00 10.39
000015 186.00 56.00 37.00 10.39
000015 187.00 101.00 37.00 10.39
000015 189.00 65.00 39.00 9.86
000015 191.00 92.00 37.00 10.39
000015 192.00 59.00 37.00 10.39
000015 193.00 72.00 38.00 10.12
000015 196.00 58.00 38.00 10.12
000015 198.00 75.00 38.00 10.12
000015 199.00 56.00 38.00 10.12
000015 200.00 51.00 38.00 10.12
000015 200.00 51.00 38.00 10.12
000015 202.00 54.00 38.00 10.12
000015 202.00 104.00 37.00 10.39
000015 203.00 69.00 38.00 10.12
000015 205.00 83.00 38.00 10.12
000015 206.00 52.00 38.00 10.12
000015 206.00 52.00 38.00 10.12
000015 206.00 71.00 38.00 10.12
000015 207.00 102.00 37.00 10.39
000015 211.00 91.00 36.00 10.68
000015 212.00 50.00 38.00 10.12
000015 212.00 62.00 38.00 10.12
000015 214.00 67.00 38.00 10.12
000015 214.00 75.00 37.00 10.39
000015 216.00 90.00 37.00 10.39
000015 217.00 91.00 37.00 10.39
000015 217.00 91.00 37.00 10.39
000015 217.00 97.00 38.00 10.12
000015 218.00 99.00 37.00 10.39
000015 220.00 32.00 39.00 9.86
000015 221.00 93.00 38.00 10.12
000015 221.00 93.00 38.00 10.12
000015 225.00 50.00 38.00 10.12
000015 225.00 50.00 38.00 10.12
000015 227.00 94.00 38.00 10.12
000015 227.00 98.00 38.00 10.12
000015 230.00 303.00 35.00 10.98
000015 230.00 50.00 38.00 10.12
000015 232.00 93.00 38.00 10.12
000015 234.00 103.00 38.00 10.12
000015 236.00 71.00 38.00 10.12
000015 237.00 53.00 38.00 10.12
000015 239.00 62.00 38.00 10.12
000015 243.00 53.00 38.00 10.12
000015 243.00 92.00 37.00 10.39
000015 245.00 67.00 38.00 10.12
000015 246.00 60.00 39.00 9.86
000015 247.00 54.00 38.00 10.12
000015 247.00 54.00 38.00 10.12
000015 248.00 65.00 38.00 10.12
000015 248.00 70.00 38.00 10.12
000015 248.00 70.00 38.00 10.12
000015 248.00 82.00 38.00 10.12
000015 249.00 101.00 38.00 10.12
000015 251.00 67.00 38.00 10.12
000015 253.00 58.00 38.00 10.12
000015 253.00 58.00 38.00 10.12
000015 258.00 93.00 38.00 10.12
000015 258.00 67.00 38.00 10.12
000015 259.00 106.00 38.00 10.12
000015 259.00 96.00 39.00 9.86
000015 261.00 70.00 38.00 10.12
000015 262.00 93.00 38.00 10.12
000015 264.00 49.00 39.00 9.86
000015 264.00 66.00 38.00 10.12
000015 265.00 54.00 38.00 10.12
000015 266.00 63.00 38.00 10.12
000015 266.00 84.00 38.00 10.12
000015 269.00 72.00 38.00 10.12
000015 270.00 90.00 39.00 9.86
000015 270.00 54.00 38.00 10.12
000015 272.00 66.00 39.00 9.86
000015 272.00 69.00 38.00 10.12
000015 273.00 93.00 39.00 9.86
000015 274.00 111.00 38.00 10.12
000015 276.00 91.00 37.00 10.39
000015 277.00 86.00 39.00 9.86
000015 277.00 63.00 39.00 9.86
000015 278.00 80.00 39.00 9.86
000015 279.00 105.00 39.00 9.86
000015 280.00 93.00 38.00 10.12
000015 281.00 82.00 39.00 9.86
000015 282.00 111.00 38.00 10.12
000015 283.00 87.00 38.00 10.12
000015 283.00 87.00 38.00 10.12
000015 284.00 52.00 38.00 10.12
000015 284.00 58.00 39.00 9.86
000015 285.00 77.00 38.00 10.12
000015 286.00 40.00 39.00 9.86
000015 287.00 84.00 39.00 9.86
000015 289.00 105.00 39.00 9.86
000015 289.00 68.00 38.00 10.12
000015 289.00 95.00 39.00 9.86
000015 289.00 95.00 39.00 9.86
000015 289.00 54.00 39.00 9.86
000015 291.00 46.00 38.00 10.12
000015 292.00 99.00 39.00 9.86
000015 293.00 84.00 39.00 9.86
000015 295.00 48.00 38.00 10.12
000015 296.00 37.00 39.00 9.86
000015 296.00 72.00 39.00 9.86
000015 297.00 66.00 39.00 9.86
000015 297.00 104.00 39.00 9.86
000015 300.00 40.00 39.00 9.86
000015 303.00 80.00 37.00 10.39
000015 305.00 62.00 38.00 10.12
000015 305.00 35.00 39.00 9.86
000015 307.00 52.00 39.00 9.86
000015 309.00 73.00 38.00 10.12
000015 315.00 65.00 39.00 9.86
000015 316.00 108.00 39.00 9.86
000015 316.00 108.00 39.00 9.86
000015 317.00 101.00 39.00 9.86
000015 317.00 101.00 39.00 9.86
000015 317.00 115.00 40.00 9.61
000015 318.00 61.00 39.00 9.86
000015 320.00 122.00 39.00 9.86
000015 321.00 113.00 39.00 9.86
000015 321.00 66.00 39.00 9.86
000015 322.00 59.00 39.00 9.86
000015 324.00 116.00 39.00 9.86
000015 324.00 105.00 39.00 9.86
000015 326.00 35.00 39.00 9.86
000015 326.00 44.00 38.00 10.12
000015 329.00 37.00 39.00 9.86
000015 332.00 282.00 37.00 10.39
000015 332.00 282.00 37.00 10.39
000015 333.00 73.00 38.00 10.12
000015 334.00 112.00 39.00 9.86
000015 338.00 279.00 37.00 10.39
000015 340.00 124.00 37.00 10.39
000015 343.00 246.00 36.00 10.68
000015 344.00 252.00 37.00 10.39
000015 344.00 252.00 37.00 10.39
000015 345.00 165.00 36.00 10.68
000015 347.00 175.00 36.00 10.68
000015 366.00 65.00 39.00 9.86
000015 374.00 106.00 39.00 9.86
000015 391.00 102.00 39.00 9.86
000015 391.00 109.00 39.00 9.86
000015 393.00 104.00 39.00 9.86
000015 397.00 109.00 39.00 9.86
000015 398.00 109.00 39.00 9.86
000015 418.00 113.00 40.00 9.61
000015 418.00 113.00 40.00 9.61
000015 427.00 113.00 40.00 9.61
000015 429.00 106.00 39.00 9.86
000015 435.00 90.00 40.00 9.61
000015 436.00 110.00 40.00 9.61
000015 437.00 41.00 40.00 9.61
000015 438.00 116.00 40.00 9.61
000015 438.00 116.00 40.00 9.61
000015 438.00 119.00 39.00 9.86
000015 441.00 117.00 39.00 9.86
000015 441.00 117.00 39.00 9.86
000015 445.00 38.00 38.00 10.12
000015 449.00 123.00 38.00 10.12
000015 452.00 145.00 37.00 10.39
000015 452.00 116.00 37.00 10.39
000015 452.00 119.00 37.00 10.39
000015 452.00 119.00 37.00 10.39
000015 452.00 150.00 37.00 10.39
000015 454.00 255.00 37.00 10.39
000015 454.00 243.00 36.00 10.68
000015 454.00 138.00 37.00 10.39
000015 455.00 40.00 37.00 10.39
000015 456.00 44.00 37.00 10.39
000015 460.00 121.00 36.00 10.68
000015 469.00 276.00 35.00 10.98
000015 530.00 291.00 37.00 10.39
000015 690.00 294.00 37.00 10.39
000015 690.00 294.00 37.00 10.39
000015 699.00 301.00 39.00 9.86
000015 699.00 301.00 39.00 9.86
000015 712.00 294.00 36.00 10.68
000015 715.00 292.00 36.00 10.68
000015 939.00 187.00 37.00 10.39
000015 951.00 206.00 37.00 10.39
000015 951.00 94.00 38.00 10.12
000015 952.00 86.00 38.00 10.12
000015 953.00 97.00 38.00 10.12
000015 953.00 107.00 38.00 10.12
000015 954.00 101.00 38.00 10.12
000015 956.00 86.00 38.00 10.12
000015 956.00 106.00 38.00 10.12
000015 956.00 184.00 38.00 10.12
000015 956.00 184.00 38.00 10.12
000015 958.00 81.00 38.00 10.12
000015 958.00 81.00 38.00 10.12
000015 958.00 101.00 37.00 10.39
000015 958.00 3.00 37.00 10.39
000015 959.00 235.00 37.00 10.39
000015 960.00 188.00 38.00 10.12
000015 960.00 242.00 37.00 10.39
000015 973.00 172.00 38.00 10.12
000015 982.00 179.00 37.00 10.39
000015 1058.00 121.00 38.00 10.12
000015 1112.00 41.00 35.00 10.98
000015 1116.00 26.00 35.00 10.98
000015 1117.00 43.00 35.00 10.98
000015 1120.00 17.00 35.00 10.98
000015 1128.00 10.00 35.00 10.98
000015 1130.00 41.00 35.00 10.98
000015 1134.00 22.00 37.00 10.39
000015 1135.00 33.00 36.00 10.68
000015 1135.00 9.00 37.00 10.39
000015 1135.00 51.00 37.00 10.39
000015 1144.00 23.00 38.00 10.12
000015 1144.00 36.00 37.00 10.39
000015 1147.00 28.00 37.00 10.39
000015 1160.00 30.00 38.00 10.12
000015 1160.00 36.00 37.00 10.39
000015 1227.00 197.00 36.00 10.68
000015 1234.00 246.00 39.00 9.86
